file_name,Our_tool [timeout 120s],z3_time,cad_time,sygus_time,irrational_points,rational_points,z3_calls,sage_calls,weakest_pre,substitution_and_simplify_time,program_writing_syn_time,synthesized_program_time_total [=avg time*10 in sec],Z3_time_total [=avg time*10 in sec],synthesized_program_SAT,synthesized_program_UNSAT,synthesized_program_UNKNOWN,z3_program_SAT,synthesized_program_UNSAT,synthesized_program_UNKNOWN,Z3_irrational_point, ,gus_tool [timeout 120s],z3_time,cad_time,sygus_time,irrational_points,rational_points,z3_calls,sage_calls,weakest_pre,synthesized_program,substitution_and_simplify_time,program_writing_syn_time, ,dm_tool [timeout 120s],z3_time,cad_time,sygus_time,irrational_points,rational_points,z3_calls,sage_calls,weakest_pre,substitution_and_simplify_time,program_writing_syn_time, 
examples/synthetic_benchmarks/synthetic_benchmarks_smt_dir/_all_synthetic_benchmarks_collated_1_2_circles_fixed_radii.smt,Our_tool,0.005949084006715566,5.886373000001186,0.0,0,1,2,1,True,0.12583491699479055,0.0027093329990748316,2.9056999683380127,2.743011951446533,10,0,0,10,0,0,0, ,phase2_sygus_tool,0.0,5.212070167006459,114.76916991600592,0,0,0,1,True,None,0.0,0.0, ,dm_tool,81.37614236498484,0.0,0.0,0,258,259,0,False,24.16963719802152,13.813662831045804, 
examples/synthetic_benchmarks/synthetic_benchmarks_smt_dir/_all_synthetic_benchmarks_collated_1_2_circles_higher_powers_fixed_centers.smt,Our_tool,109.44781083300768,10.286903792002704,0.0,0,1,2,2,False,0.23173537499678787,0.007401833005133085,2.6542911529541016,2.562548875808716,0,0,10,10,0,0,0, ,phase2_sygus_tool,0.0,120.0,0.0,0,0,0,1,False,None,0.0,0.0, ,dm_tool,20.57311154510535,0.0,0.0,0,343,343,0,False,31.826761422940763,65.93077220705163, 
examples/synthetic_benchmarks/synthetic_benchmarks_smt_dir/_all_synthetic_benchmarks_collated_1_2_circles_higher_powers_fixed_centers2.smt,Our_tool,0.10750849999021739,117.52243008304504,0.0,0,13,13,25,False,2.1029212099820143,0.10185179102700204,2.7731151580810547,2.6200900077819824,9,0,1,9,1,0,0, ,phase2_sygus_tool,0.0,4.91018270800123,115.0639923330018,0,0,0,1,True,None,0.0,0.0, ,dm_tool,0.0056515420001233,0.0,0.0,0,2,3,0,True,0.22386129201913718,0.006185500998981297, 
examples/synthetic_benchmarks/synthetic_benchmarks_smt_dir/_all_synthetic_benchmarks_collated_1_2_circles_origin_centre.smt,Our_tool,0.018759084967314266,117.51006400104961,0.0,0,12,12,24,False,2.084280958020827,0.21630349903716706,2.9538915157318115,2.62458872795105,5,0,5,5,5,0,0, ,phase2_sygus_tool,0.0,4.897827374996268,0.03557954198913649,0,0,0,1,True,True,0.0,0.0005232909898040816, ,dm_tool,5.6391051261889515,0.0,0.0,0,391,391,0,False,49.4529001700721,63.635900250053965, 
examples/synthetic_benchmarks/synthetic_benchmarks_smt_dir/_all_synthetic_benchmarks_collated_1_2_complex_shapes.smt,Our_tool,0.004818291999981739,119.76592562500446,0.0,0,1,1,1,False,0.22460437500558328,0.0,-1,2.6634676456451416,0,0,10,10,0,0,0, ,phase2_sygus_tool,0.0,120.0,0.0,0,0,0,1,False,None,0.0,0.0, ,dm_tool,119.37062033300754,0.0,0.0,0,3,4,0,False,0.5947145000245655,0.019753792003029957, 
examples/synthetic_benchmarks/synthetic_benchmarks_smt_dir/_all_synthetic_benchmarks_collated_1_2_complex_shapes2.smt,Our_tool,6.945828916010214,111.30978345400945,0.0,0,12,12,23,False,1.4163862069981406,0.15227033096016385,2.8410286903381348,2.562062978744507,10,0,0,10,0,0,0, ,phase2_sygus_tool,0.0,13.975683415992535,105.94857383400085,0,0,0,1,True,None,0.0,0.0, ,dm_tool,1.610873874189565,0.0,0.0,0,464,464,0,False,37.09251108793251,79.96505991577578, 
examples/synthetic_benchmarks/synthetic_benchmarks_smt_dir/_all_synthetic_benchmarks_collated_1_2_complex_shapes3.smt,Our_tool,0.005420249013695866,10.373886125002173,0.0,0,1,2,2,True,0.1837073750066338,0.0047340420132968575,2.718547821044922,2.5185978412628174,10,0,0,10,0,0,0, ,phase2_sygus_tool,0.0,5.429658749999362,114.53897029199288,0,0,0,1,True,None,0.0,0.0, ,dm_tool,1.0874619090463966,0.0,0.0,0,621,621,0,False,21.580407673842274,95.67897157926927, 
examples/synthetic_benchmarks/synthetic_benchmarks_smt_dir/_all_synthetic_benchmarks_collated_1_2_power_4circles_origin_centre.smt,Our_tool,0.005506666988367215,11.366963499996928,0.0,0,1,2,2,True,0.28304100001696497,0.0034767079923767596,2.7069966793060303,2.53643536567688,5,5,0,5,5,0,0, ,phase2_sygus_tool,0.0,5.053850958007388,114.88906129199313,0,0,0,1,True,None,0.0,0.0, ,dm_tool,1.9741215891262982,0.0,0.0,0,429,429,0,False,49.73743358682259,67.06547909883375, 
examples/synthetic_benchmarks/synthetic_benchmarks_smt_dir/_all_synthetic_benchmarks_collated_1_3_dimensional_hyper_bola.smt,Our_tool,0.017072959992219694,117.93433154300146,0.0,0,9,9,25,False,1.7962255840247963,0.12304504198255017,2.846848249435425,2.57936429977417,10,0,0,10,0,0,0, ,phase2_sygus_tool,0.0,5.136943791992962,114.85430612499476,0,0,0,1,True,None,0.0,0.0, ,dm_tool,32.69922232707904,0.0,0.0,0,201,201,0,False,27.145221888116794,58.81238100222254, 
examples/synthetic_benchmarks/synthetic_benchmarks_smt_dir/_all_synthetic_benchmarks_collated_1_circle_origin_centre.smt,Our_tool,0.005890209009521641,20.302023082011146,0.0,0,2,3,4,True,0.13867474999278784,0.008931749980547465,2.743834972381592,2.5075037479400635,10,0,0,10,0,0,0, ,phase2_sygus_tool,0.0,4.843890209012898,0.03458366700215265,0,0,0,1,True,True,0.0,0.0006434579991037026, ,dm_tool,0.0054827499989187345,0.0,0.0,0,2,3,0,True,0.12471433401515242,0.0035795420117210597, 
examples/synthetic_benchmarks/synthetic_benchmarks_smt_dir/_all_synthetic_benchmarks_collated_1_circle_origin_other_circle_radius_fixed.smt,Our_tool,0.0050831659900723025,9.659826791990781,0.0,0,1,2,2,True,0.16870058300264645,0.004253374005202204,2.513336181640625,2.496262788772583,0,10,0,0,10,0,0, ,phase2_sygus_tool,0.0,4.852844541994273,115.09808679200069,0,0,0,1,True,None,0.0,0.0, ,dm_tool,0.017908209963934496,0.0,0.0,0,7,8,0,True,0.5841453329921933,0.02545970698702149, 
examples/synthetic_benchmarks/synthetic_benchmarks_smt_dir/_all_synthetic_benchmarks_collated_1_geometric3.smt,Our_tool,0.005977750013698824,10.501699666987406,0.0,0,1,2,2,True,0.15048154200485442,0.0033955840044654906,2.6313259601593018,2.493928909301758,10,0,0,10,0,0,0, ,phase2_sygus_tool,0.0,4.95106570799544,115.03595987500739,0,0,0,1,True,None,0.0,0.0, ,dm_tool,0.8771921618026681,0.0,0.0,0,698,698,0,False,18.42534026397334,99.2283251779736, 
examples/synthetic_benchmarks/synthetic_benchmarks_smt_dir/_all_synthetic_benchmarks_collated_1_geometric4.smt,Our_tool,0.01314058199932333,118.78649412501545,0.0,0,12,12,24,False,0.9953464590362273,0.09999129101925064,2.953444719314575,2.5789637565612793,10,0,0,10,0,0,0, ,phase2_sygus_tool,0.0,5.0268180839921115,114.96035754100012,0,0,0,1,True,None,0.0,0.0, ,dm_tool,8.775482581928372,0.0,0.0,0,593,593,0,False,25.487208471968188,83.35488516905752, 
examples/synthetic_benchmarks/synthetic_benchmarks_smt_dir/_all_synthetic_benchmarks_collated_1_geometric5.smt,Our_tool,0.0044975420023547485,10.535723790992051,0.0,0,1,2,2,True,0.16597491600259673,0.0030417079833569005,2.7004523277282715,2.6477675437927246,10,0,0,10,0,0,0, ,phase2_sygus_tool,0.0,4.90480312499858,115.087454833003,0,0,0,1,True,None,0.0,0.0, ,dm_tool,0.2172141328919679,0.0,0.0,0,538,538,0,False,20.943079042743193,97.21119658325915, 
examples/synthetic_benchmarks/synthetic_benchmarks_smt_dir/_all_synthetic_benchmarks_collated_1_geometric6.smt,Our_tool,0.02548404104891233,117.92202712701692,0.0,0,12,12,24,False,1.811050169999362,0.10514774901093915,3.285428047180176,2.84609317779541,0,0,10,0,10,0,0, ,phase2_sygus_tool,0.0,4.896480708004674,0.0349297079956159,0,0,0,1,True,True,0.0,0.0014618749992223457, ,dm_tool,0.1529023340117419,0.0,0.0,0,460,460,0,False,39.36230712158431,79.27021288502146, 
examples/synthetic_benchmarks/synthetic_benchmarks_smt_dir/_all_synthetic_benchmarks_collated_2_2_annular_circles_25_0.smt,Our_tool,0.005349708997528069,4.902018207998481,0.0,0,1,2,1,True,0.12444266700185835,0.00214154199056793,2.656917095184326,2.5604729652404785,10,0,0,10,0,0,0, ,phase2_sygus_tool,0.0,4.96937383300974,0.014442625004448928,0,0,0,1,True,True,0.0,0.0008441670070169494, ,dm_tool,0.009803834022022784,0.0,0.0,0,2,3,0,True,0.11188858399691526,0.0021531670063268393, 
examples/synthetic_benchmarks/synthetic_benchmarks_smt_dir/_all_synthetic_benchmarks_collated_2_2_annular_circles_25_1.smt,Our_tool,0.005119083987665363,4.895922874988173,0.0,0,1,2,1,True,0.11516154200944584,0.0021730000007664785,2.662990093231201,2.554163932800293,10,0,0,10,0,0,0, ,phase2_sygus_tool,0.0,5.001226000007591,0.044741166988387704,0,0,0,1,True,True,0.0,0.0009033329988596961, ,dm_tool,5.810666663877782,0.0,0.0,0,1100,1100,0,False,31.926040199628915,80.5695453799417, 
examples/synthetic_benchmarks/synthetic_benchmarks_smt_dir/_all_synthetic_benchmarks_collated_2_2_annular_circles_25_10.smt,Our_tool,0.00512420799350366,4.873931750000338,0.0,0,1,2,1,True,0.11654625000664964,0.0021232500002952293,2.6673076152801514,2.541944742202759,10,0,0,10,0,0,0, ,phase2_sygus_tool,0.0,4.951813792009489,0.07045708400255535,0,0,0,1,True,True,0.0,0.0010822500044014305, ,dm_tool,5.896569435921265,0.0,0.0,0,901,901,0,False,38.58003854818526,73.90061778006202, 
examples/synthetic_benchmarks/synthetic_benchmarks_smt_dir/_all_synthetic_benchmarks_collated_2_2_annular_circles_25_11.smt,Our_tool,0.005256459000520408,5.251956042004167,0.0,0,1,2,1,True,0.11539245799940545,0.002076208998914808,2.65643048286438,2.5877647399902344,10,0,0,10,0,0,0, ,phase2_sygus_tool,0.0,5.010826333993464,0.09354741699644364,0,0,0,1,True,True,0.0,0.001141417000326328, ,dm_tool,6.521970035028062,0.0,0.0,0,900,900,0,False,38.647883591023856,73.17151503794594, 
examples/synthetic_benchmarks/synthetic_benchmarks_smt_dir/_all_synthetic_benchmarks_collated_2_2_annular_circles_25_12.smt,Our_tool,0.00553958400269039,5.002435791990138,0.0,0,1,2,1,True,0.11707350000506267,0.0023461249948013574,2.6716737747192383,2.5569710731506348,10,0,0,10,0,0,0, ,phase2_sygus_tool,0.0,4.937975458000437,115.0376353340107,0,0,0,1,True,None,0.0,0.0, ,dm_tool,5.287855629692785,0.0,0.0,0,793,793,0,False,37.23597815282119,75.83144549398276, 
examples/synthetic_benchmarks/synthetic_benchmarks_smt_dir/_all_synthetic_benchmarks_collated_2_2_annular_circles_25_13.smt,Our_tool,0.005026708007790148,5.025409084002604,0.0,0,1,2,1,True,0.12019095799769275,0.00330341600056272,2.67370867729187,2.549968719482422,10,0,0,10,0,0,0, ,phase2_sygus_tool,0.0,4.975060208002105,115.00015495800471,0,0,0,1,True,None,0.0,0.0, ,dm_tool,5.708950115178595,0.0,0.0,0,905,905,0,False,38.746911226029624,73.83535503713938, 
examples/synthetic_benchmarks/synthetic_benchmarks_smt_dir/_all_synthetic_benchmarks_collated_2_2_annular_circles_25_16.smt,Our_tool,0.0051787500124191865,4.910915875007049,0.0,0,1,2,1,True,0.11461987500661053,0.002178206996177323,2.6788687705993652,2.5606794357299805,10,0,0,10,0,0,0, ,phase2_sygus_tool,0.0,4.957916332990862,115.01709258300252,0,0,0,1,True,None,0.0,0.0, ,dm_tool,6.154994482247275,0.0,0.0,0,1111,1111,0,False,32.49482624598022,79.71628220418643, 
examples/synthetic_benchmarks/synthetic_benchmarks_smt_dir/_all_synthetic_benchmarks_collated_2_2_annular_circles_25_4.smt,Our_tool,0.005487375994562171,5.036657333999756,0.0,0,1,2,1,True,0.11642479199508671,0.0021446239989018068,2.6699769496917725,2.5684573650360107,10,0,0,10,0,0,0, ,phase2_sygus_tool,0.0,4.943045833002543,0.04525100000319071,0,0,0,1,True,True,0.0,0.0008892079931683838, ,dm_tool,5.952435741171939,0.0,0.0,0,1120,1120,0,False,32.38993724399188,80.06106510898098, 
examples/synthetic_benchmarks/synthetic_benchmarks_smt_dir/_all_synthetic_benchmarks_collated_2_2_annular_circles_25_9.smt,Our_tool,0.005051209023804404,4.967982957998174,0.0,0,1,2,1,True,0.11749441699066665,0.0021073329990031198,2.673225164413452,2.5535728931427,10,0,0,10,0,0,0, ,phase2_sygus_tool,0.0,4.99627070799761,0.05346216700854711,0,0,0,1,True,True,0.0,0.0009713750041555613, ,dm_tool,5.5593892503966345,0.0,0.0,0,1124,1124,0,False,32.06038538920984,80.65174496798136, 
examples/synthetic_benchmarks/synthetic_benchmarks_smt_dir/_all_synthetic_benchmarks_collated_2_2_annular_circles_5_499.smt,Our_tool,0.005076459012343548,4.9613510409981245,0.0,0,1,2,1,True,0.11714587500318885,0.0025483750068815425,2.668241024017334,2.54168438911438,10,0,0,10,0,0,0, ,phase2_sygus_tool,0.0,4.995867375007947,114.98835416599468,0,0,0,1,True,None,0.0,0.0, ,dm_tool,91.57342254102696,0.0,0.0,0,207,208,0,False,19.063089253846556,8.878203916014172, 
examples/synthetic_benchmarks/synthetic_benchmarks_smt_dir/_all_synthetic_benchmarks_collated_3_2_power_4circles_origin_centre.smt,Our_tool,0.01310925000871066,9.969128624987206,0.0,0,1,2,2,True,0.2537505429936573,0.0039322919910773635,2.635291337966919,2.577115535736084,7,3,0,7,3,0,0, ,phase2_sygus_tool,0.0,4.849427624998498,115.09040770899446,0,0,0,1,True,None,0.0,0.0, ,dm_tool,4.149472331031575,0.0,0.0,0,425,425,0,False,48.61270997011161,65.64216216522618, 
examples/synthetic_benchmarks/synthetic_benchmarks_smt_dir/_all_synthetic_benchmarks_collated_3_3_circles.smt,Our_tool,0.004571792000206187,119.77023933299643,0.0,0,1,1,1,False,0.21996245899936184,0.0,-1,2.6961729526519775,0,0,10,10,0,0,0, ,phase2_sygus_tool,0.0,120.0,0.0,0,0,0,1,False,None,0.0,0.0, ,dm_tool,116.64782379100507,0.0,0.0,0,9,10,0,False,2.990851208989625,0.28156328898330685, 
examples/synthetic_benchmarks/synthetic_benchmarks_smt_dir/_all_synthetic_benchmarks_collated_3_3_circles_modified.smt,Our_tool,0.006000292007229291,14.616613374004373,0.0,0,1,2,3,True,0.2454427909979131,0.008852415994624607,2.707780122756958,2.5464038848876953,10,0,0,10,0,0,0, ,phase2_sygus_tool,0.0,4.860386792002828,0.7597085409943247,0,0,0,1,True,True,0.0,0.0026803749933606014, ,dm_tool,3.733089664936415,0.0,0.0,0,283,283,0,False,22.27297108703351,92.74334285889927, 
examples/synthetic_benchmarks/synthetic_benchmarks_smt_dir/_all_synthetic_benchmarks_collated_3_3_ellipses.smt,Our_tool,0.006135666000773199,28.99330775096314,0.0,0,2,3,6,True,0.6844995409774128,0.018815791976521723,2.598068952560425,2.547476053237915,4,6,0,4,6,0,0, ,phase2_sygus_tool,0.0,120.0,0.0,0,0,0,1,False,None,0.0,0.0, ,dm_tool,1.0212250270269578,0.0,0.0,0,218,218,0,False,44.29548096297367,73.5104493691033, 
examples/synthetic_benchmarks/synthetic_benchmarks_smt_dir/_all_synthetic_benchmarks_collated_3_intersecting_hyperbolas.smt,Our_tool,0.015955916969687678,118.43893579195719,0.0,0,13,13,25,False,1.3317174130061176,0.08238283298851456,2.672584295272827,2.537400245666504,10,0,0,10,0,0,0, ,phase2_sygus_tool,0.0,4.8695799999986775,115.12133570900187,0,0,0,1,True,None,0.0,0.0, ,dm_tool,3.50595166500716,0.0,0.0,0,496,496,0,False,24.79920368513558,89.99874332772742, 
examples/synthetic_benchmarks/synthetic_benchmarks_smt_dir/_all_synthetic_benchmarks_collated_4_input10.smt,Our_tool,0.005129583994857967,9.76080641700537,0.0,0,1,2,2,True,0.10029645799659193,0.00340958297601901,2.5174548625946045,2.543306350708008,10,0,0,10,0,0,0, ,phase2_sygus_tool,0.0,4.876575041998876,0.011144083007820882,0,0,0,1,True,True,0.0,0.0006735409988323227, ,dm_tool,0.004834416002267972,0.0,0.0,0,1,2,0,True,0.08218433400907088,0.001768999980413355, 
examples/synthetic_benchmarks/synthetic_benchmarks_smt_dir/_all_synthetic_benchmarks_collated_4_input11_2.smt,Our_tool,0.013764874995104037,19.44284945896652,0.0,0,2,3,4,True,0.29386033400078304,0.008921958986320533,2.5907435417175293,2.54986572265625,10,0,0,10,0,0,0, ,phase2_sygus_tool,0.0,4.891784791005193,114.98935308399086,0,0,0,1,True,None,0.0,0.0, ,dm_tool,0.5751874231500551,0.0,0.0,0,510,510,0,False,37.47007704609132,80.66623365393025, 
examples/synthetic_benchmarks/synthetic_benchmarks_smt_dir/_all_synthetic_benchmarks_collated_4_input12.smt,Our_tool,0.02605470799608156,4.908442750005634,0.0,0,1,2,1,True,0.23399166700255591,0.0036436670052353293,2.6950161457061768,2.56087327003479,10,0,0,10,0,0,0, ,phase2_sygus_tool,0.0,4.926900624996051,114.88036362500861,0,0,0,1,True,None,0.0,0.0, ,dm_tool,0.06505425002251286,0.0,0.0,0,6,7,0,False,0.34671562498260755,0.006303417991148308, 
examples/synthetic_benchmarks/synthetic_benchmarks_smt_dir/_all_synthetic_benchmarks_collated_4_input12_2.smt,Our_tool,0.10696258301322814,19.80002758401679,0.0,0,2,3,4,True,0.3454704589676112,0.03484120803477708,2.883286952972412,2.5497310161590576,8,2,0,8,2,0,0, ,phase2_sygus_tool,0.0,4.926017165998928,114.93512012499559,0,0,0,1,True,None,0.0,0.0, ,dm_tool,39.70680871998775,0.0,0.0,0,294,294,0,False,28.043873618982616,50.992927742147, 
examples/synthetic_benchmarks/synthetic_benchmarks_smt_dir/_all_synthetic_benchmarks_collated_4_input13.smt,Our_tool,0.00520195800345391,4.889884042000631,0.0,0,1,2,1,True,0.07121033300063573,0.0016283760051010177,2.5586485862731934,2.5413527488708496,10,0,0,10,0,0,0, ,phase2_sygus_tool,0.0,4.894172457992681,0.013257416998385452,0,0,0,1,True,True,0.0,0.0008074590004980564, ,dm_tool,0.005804708009236492,0.0,0.0,0,3,4,0,True,0.07518433399673086,0.001821709010982886, 
examples/synthetic_benchmarks/synthetic_benchmarks_smt_dir/_all_synthetic_benchmarks_collated_4_input13_2.smt,Our_tool,0.2620265840232605,116.85462749798899,0.0,0,12,12,24,False,2.299231959026656,0.299995790963294,2.822956085205078,2.5373897552490234,10,0,0,10,0,0,0, ,phase2_sygus_tool,0.0,4.8891439589933725,115.09183912500157,0,0,0,1,True,None,0.0,0.0, ,dm_tool,119.17954270802147,0.0,0.0,0,10,11,0,False,0.7159049199981382,0.07762895902851596, 
examples/synthetic_benchmarks/synthetic_benchmarks_smt_dir/_all_synthetic_benchmarks_collated_4_input14.smt,Our_tool,0.006804959004512057,20.429489291011123,0.0,0,2,3,4,True,0.10765512600482907,0.005958124020253308,2.5908279418945312,2.5777223110198975,10,0,0,10,0,0,0, ,phase2_sygus_tool,0.0,5.069644083996536,0.04069375000835862,0,0,0,1,True,True,0.0,0.0009108329977607355, ,dm_tool,0.006400833008228801,0.0,0.0,0,3,4,0,True,0.11323937601991929,0.006044290988938883, 
examples/synthetic_benchmarks/synthetic_benchmarks_smt_dir/_all_synthetic_benchmarks_collated_4_input15.smt,Our_tool,98.93209129100433,20.53782724996563,0.0,0,2,3,4,False,0.4094284580060048,0.023035249978420325,3.0898890495300293,2.9090170860290527,10,0,0,10,0,0,0, ,phase2_sygus_tool,0.0,120.0,0.0,0,0,0,1,False,None,0.0,0.0, ,dm_tool,119.06123437400674,0.0,0.0,0,11,12,0,False,0.8129581250395859,0.09568416602269281, 
examples/synthetic_benchmarks/synthetic_benchmarks_smt_dir/_all_synthetic_benchmarks_collated_4_input16.smt,Our_tool,0.07043583299673628,119.34449866700743,0.0,0,1,1,1,False,0.5806960409972817,0.0,-1,204.3013780117035,0,0,10,4,5,1,0, ,phase2_sygus_tool,0.0,120.0,0.0,0,0,0,1,False,None,0.0,0.0, ,dm_tool,116.88215733399556,0.0,0.0,0,11,12,0,False,3.0218861639878014,0.06817512599809561, 
examples/synthetic_benchmarks/synthetic_benchmarks_smt_dir/_all_synthetic_benchmarks_collated_4_input17.smt,Our_tool,0.03484308400948066,117.68264570596511,0.0,0,12,12,24,False,1.7004897510196315,0.3043147089629201,3.2976646423339844,2.858640432357788,10,0,0,10,0,0,0, ,phase2_sygus_tool,0.0,120.0,0.0,0,0,0,1,False,None,0.0,0.0, ,dm_tool,119.00105312500091,0.0,0.0,0,12,13,0,False,0.8758729179680813,0.0947900420287624, 
examples/synthetic_benchmarks/synthetic_benchmarks_smt_dir/_all_synthetic_benchmarks_collated_4_input18.smt,Our_tool,0.013428872989607044,117.68925970699638,0.0,0,8,8,23,False,2.1426819999906,0.06184358302562032,2.8362536430358887,2.666349411010742,10,0,0,10,0,0,0, ,phase2_sygus_tool,0.0,4.831001790997107,115.1617862090061,0,0,0,1,True,None,0.0,0.0, ,dm_tool,0.5148382489569485,0.0,0.0,0,217,217,0,False,58.72516204070416,59.61852020367223, 
examples/synthetic_benchmarks/synthetic_benchmarks_smt_dir/_all_synthetic_benchmarks_collated_4_input19.smt,Our_tool,0.006042040986358188,14.587592001000303,0.0,0,1,2,3,True,0.38137154198193457,0.00528587399458047,2.7702748775482178,2.6606271266937256,10,0,0,10,0,0,0, ,phase2_sygus_tool,0.0,5.035624625001219,0.03562154200335499,0,0,0,1,True,True,0.0,0.0006862500013085082, ,dm_tool,0.004770250990986824,0.0,0.0,0,1,2,0,True,0.2912728329974925,0.00535062700510025, 
examples/synthetic_benchmarks/synthetic_benchmarks_smt_dir/_all_synthetic_benchmarks_collated_4_input2.smt,Our_tool,0.00514345800911542,4.768280167001649,0.0,0,1,2,1,True,0.1152847909979755,0.0015933330141706392,2.9779911041259766,2.5842442512512207,1,9,0,10,0,0,9, ,phase2_sygus_tool,0.0,4.759687249999843,115.23262458300451,0,0,0,1,True,None,0.0,0.0, ,dm_tool,2.4106168889411492,0.0,0.0,0,2464,2464,0,False,35.745892942723,79.50964974536328, 
examples/synthetic_benchmarks/synthetic_benchmarks_smt_dir/_all_synthetic_benchmarks_collated_4_input2_slack.smt,Our_tool,0.005122833987115882,5.7946261250035604,0.0,0,1,2,1,True,0.09154141700128093,0.0034802920126821846,2.8712692260742188,2.7093520164489746,10,0,0,10,0,0,0, ,phase2_sygus_tool,0.0,5.01636566700472,114.95366320799803,0,0,0,1,True,None,0.0,0.0, ,dm_tool,0.5775498290749965,0.0,0.0,0,808,808,0,False,48.04897224403976,69.71240754715109, 
examples/synthetic_benchmarks/synthetic_benchmarks_smt_dir/_all_synthetic_benchmarks_collated_4_input3.smt,Our_tool,0.005585666003753431,10.679142501001479,0.0,0,1,2,2,True,0.25899562500126194,0.0041537090291967615,3.518550157546997,2.5752527713775635,10,0,0,10,0,0,0, ,phase2_sygus_tool,0.0,4.906217875002767,0.035562832999858074,0,0,0,1,True,True,0.0,0.0005065419973107055, ,dm_tool,0.005297541996696964,0.0,0.0,0,1,2,0,True,0.18683687500015367,0.0026064579869853333, 
examples/synthetic_benchmarks/synthetic_benchmarks_smt_dir/_all_synthetic_benchmarks_collated_4_input4.smt,Our_tool,0.004880124994087964,9.62149475098704,0.0,0,1,2,2,True,0.21980991600139532,0.00285274900670629,2.548499584197998,2.520944833755493,5,5,0,5,5,0,0, ,phase2_sygus_tool,0.0,4.8050745419895975,115.13888591701107,0,0,0,1,True,None,0.0,0.0, ,dm_tool,0.005231832998106256,0.0,0.0,0,1,2,0,True,0.16494354100723285,0.00275129200599622, 
examples/synthetic_benchmarks/synthetic_benchmarks_smt_dir/_all_synthetic_benchmarks_collated_4_input5.smt,Our_tool,0.004888041003141552,10.099708042005659,0.0,0,1,2,2,True,0.17312691699771676,0.0033352909958921373,2.742595911026001,2.6794207096099854,6,4,0,6,4,0,0, ,phase2_sygus_tool,0.0,5.087801333007519,114.85167899999942,0,0,0,1,True,None,0.0,0.0, ,dm_tool,0.004938333004247397,0.0,0.0,0,1,2,0,True,0.16256045900809113,0.0029486660059774294, 
examples/synthetic_benchmarks/synthetic_benchmarks_smt_dir/_all_synthetic_benchmarks_collated_4_input7.smt,Our_tool,98.19217395799933,21.26154462400882,0.0,0,2,3,4,False,0.42434787600359414,0.034027458023047075,3.5355052947998047,2.6308960914611816,0,0,10,0,10,0,0, ,phase2_sygus_tool,0.0,120.0,0.0,0,0,0,1,False,None,0.0,0.0, ,dm_tool,8.649790668059723,0.0,0.0,0,318,318,0,False,27.622342331975233,82.04708067195315, 
examples/synthetic_benchmarks/synthetic_benchmarks_smt_dir/_all_synthetic_benchmarks_collated_4_input9.smt,Our_tool,0.013404500001342967,20.787735666977824,0.0,0,2,3,4,True,0.32420108299993444,0.010304292009095661,2.9462697505950928,2.7804832458496094,10,0,0,10,0,0,0, ,phase2_sygus_tool,0.0,5.750082332990132,114.19931812499999,0,0,0,1,True,None,0.0,0.0, ,dm_tool,1.5818957500014221,0.0,0.0,0,444,444,0,False,37.38226057171414,79.58993086217379, 
examples/synthetic_benchmarks/synthetic_benchmarks_smt_dir/_all_synthetic_benchmarks_collated_4_kissing_set.smt,Our_tool,120.0,0.0,0.0,0,0,1,0,False,0.0,0.0,-1,2.553837776184082,0,0,10,0,10,0,0, ,phase2_sygus_tool,0.0,120.0,0.0,0,0,0,1,False,None,0.0,0.0, ,dm_tool,120.0,0.0,0.0,0,0,1,0,False,0.0,0.0, 
examples/synthetic_benchmarks/synthetic_benchmarks_smt_dir/_all_synthetic_benchmarks_collated_4_kissing_set_relax.smt,Our_tool,0.005166832997929305,89.65043795898964,0.0,0,1,1,5,False,30.23262754100142,0.05292758300493006,2.9855523109436035,481.7118124961853,0,0,10,6,0,4,0, ,phase2_sygus_tool,0.0,120.0,0.0,0,0,0,1,False,None,0.0,0.0, ,dm_tool,0.02936849999241531,0.0,0.0,0,2,2,0,False,109.99327045799873,0.5942278340226039, 
examples/synthetic_benchmarks/synthetic_benchmarks_smt_dir/_all_synthetic_benchmarks_collated_4_x_eq_y.smt,Our_tool,0.006552040998940356,5.01119325000036,0.0,0,1,2,1,True,0.15602370900160167,0.0012907080090371892,2.919137954711914,2.838303327560425,10,0,0,10,0,0,0, ,phase2_sygus_tool,0.0,4.958149208003306,0.03374916700704489,0,0,0,1,True,True,0.0,0.0005265829968266189, ,dm_tool,6.241083695305861,0.0,0.0,0,2098,2098,0,False,35.12717532321403,68.04366128380934, 
