Output Variables: C,T,N
Input Variables: delta, M, g, m, S

Terms: 0,1,0,0,0,0,0,0 : 0,0,0,0,1,1,0,0 : 0,0,0,1,0,0,0,0
Coeffs: 1,1 :    -1,1 : -1,1
<=

Terms: 0,1,0,0,0,0,0,0 : 0,0,0,0,1,1,0,0 : 0,0,0,1,0,0,0,0
Coeffs: -1,1 :    1,1 : -1,1
<=

Terms: 0,1,0,0,0,0,0,0 : 0,0,0,0,0,1,1,1 : 0,0,0,1,0,0,0,0
Coeffs: 1,1 :    -1,1 : -1,1
<=

Terms: 0,1,0,0,0,0,0,0 : 0,0,0,0,0,1,1,1 : 0,0,0,1,0,0,0,0
Coeffs: -1,1 :    1,1 : -1,1
<=

Terms: 0,0,1,0,0,0,0,0 : 1,0,0,0,0,1,1,0 : 0,0,0,1,0,0,0,0
Coeffs: 1,1 :    -1,1 : -1,1
<=

Terms: 0,0,1,0,0,0,0,0 : 1,0,0,0,0,1,1,0 : 0,0,0,1,0,0,0,0
Coeffs: -1,1 :    1,1 : -1,1
<=

Terms: 1,0,0,0,0,0,0,0 : 0,0,0,0,0,0,0,1 : 0,0,0,0,0,0,0,0 : 0,0,0,1,0,0,0,0
Coeffs: 1,1 :    1,1 : -1,1 : -1,1
<=

Terms: 1,0,0,0,0,0,0,0 : 0,0,0,0,0,0,0,1 : 0,0,0,0,0,0,0,0 : 0,0,0,1,0,0,0,0
Coeffs: -1,1 :    -1,1 : 1,1 : -1,1
<=
