Output Variables: C,T,N
Input Variables: M, S

Terms: 0,1,0,0,0 : 0,0,0,1,0 : 0,0,0,0,0
Coeffs: 1,1 :    -10,1 : -1,100
<=

Terms: 0,1,0,0,0 : 0,0,0,1,0 : 0,0,0,0,0
Coeffs: -1,1 :    10,1 : -1,100
<=

Terms: 0,1,0,0,0 : 0,0,0,1,1 : 0,0,0,0,0
Coeffs: 1,1 :    -10,2 : -1,100
<=

Terms: 0,1,0,0,0 : 0,0,0,1,1 : 0,0,0,0,0
Coeffs: -1,1 :    10,2 : -1,100
<=

Terms: 0,0,1,0,0 : 1,0,0,0,1,0 : 0,0,0,1,0,0
Coeffs: 1,1 :    -10,1 : -1,1
<=

Terms: 0,0,1,0,0 : 1,0,0,1,0 : 0,0,0,0,0
Coeffs: -1,1 :    10,2 : -1,100
<=

Terms: 1,0,0,0,0 : 0,0,0,0,1 : 0,0,0,0,0 : 0,0,0,0,0
Coeffs: 1,1 :    10,1 : -1,1 : -1,100
<=

Terms: 1,0,0,0,0 : 0,0,0,0,1 : 0,0,0,0,0 : 0,0,0,0,0
Coeffs: -1,1 :    -1,1 : 1,1 : -1,100
<=
