Output Variables: K, P, v
Input Variables: I, r, M, delta

Terms: 0,0,2,0,2,1,0 : 1,0,2,0,0,0,0 : 1,0,0,0,2,0,0 : 0,0,0,0,0,0,1
Coeffs: 1,2 :          1,1 :           -1,1          : -1,1
<=

Terms: 0,0,2,0,2,1,0 : 1,0,2,0,0,0,0 : 1,0,0,0,2,0,0 : 0,0,0,0,0,0,1
Coeffs: -1,2 :          -1,1 :           1,1          : -1,1
<=

Terms: 0,1,0,0,0,0,0 : 0,0,0,0,0,1,0 : 0,0,0,0,0,0,1
Coeffs: 1,1 :          -5,1 :           -1,1
<=

Terms: 0,1,0,0,0,0,0 : 0,0,0,0,0,1,0 : 0,0,0,0,0,0,1
Coeffs: -1,1 :          5,1 :           -1,1
<=
