Output Variables: C, T, N
Input Variables: S, M, delta

Terms: 2,0,0,0,0,0 : 0,0,0,2,0,0 : 0,0,0,0,0,0 : 0,0,0,0,0,0 
Coeffs: 1,1 :          1,1 :           -1,100 : -1,1
<=

Terms: 2,0,0,0,0,0 : 0,0,0,2,0,0 : 0,0,0,0,0,0 : 0,0,0,0,0,0 
Coeffs: -1,1 :          -1,1 :           -1,100 : 1,1
<=

Terms: 0,1,0,0,0,0 : 0,2,0,0,1,0 : 0,0,0,0,0,0
Coeffs: 1,1 :          -1,1 :           -1,100
<=

Terms: 0,1,0,0,0,0 : 0,2,0,0,1,0 : 0,0,0,0,0,0 
Coeffs: -1,1 :          1,1 :           -1,100
<=

Terms: 0,1,2,0,0,0 : 0,0,3,1,1,0 : 0,0,0,0,0,0 
Coeffs: 1,1 :          -5,1 :           -1,100
<=

Terms: 0,1,2,0,0,0 : 0,0,4,1,1,0 : 0,0,0,0,0,0 
Coeffs: -1,1 :          5,1 :           -1,100
<=

Terms: 0,0,1,0,0,0 : 2,0,0,0,1,0 : 0,0,0,0,0,0 
Coeffs: 1,1 :          -5,1 :           -1,100
<=

Terms: 0,0,1,0,0,0 : 2,0,0,0,1,0 : 0,0,0,0,0,0 
Coeffs: -1,1 :          5,1 :           -1,100
<=