file_name,Our_tool [timeout 120s],z3_time,cad_time,sygus_time,irrational_points,rational_points,z3_calls,sage_calls,weakest_pre,substitution_and_simplify_time,program_writing_syn_time,synthesized_program_time_total [=avg time*10 in sec],Z3_time_total [=avg time*10 in sec],synthesized_program_SAT,synthesized_program_UNSAT,synthesized_program_UNKNOWN,z3_program_SAT,synthesized_program_UNSAT,synthesized_program_UNKNOWN,Z3_irrational_point, ,gus_tool [timeout 120s],z3_time,cad_time,sygus_time,irrational_points,rational_points,z3_calls,sage_calls,weakest_pre,synthesized_program,substitution_and_simplify_time,program_writing_syn_time, ,dm_tool [timeout 120s],z3_time,cad_time,sygus_time,irrational_points,rational_points,z3_calls,sage_calls,weakest_pre,substitution_and_simplify_time,program_writing_syn_time, 
examples/NRA/smt_files/chosen_smt_files_Arthan_1A_Arthan1A-chunk-0017.smt2,Our_tool,0.6366979149825056,103.44762529300351,0.0,0,11,11,21,False,14.71043221000582,0.21699933296622476,3.3985915184020996,2.63860821723938,0,0,10,0,10,0,0, ,phase2_sygus_tool,0.0,4.872102499997709,0.19709125000372296,0,0,0,1,True,True,0.0,0.002580708998721093, ,dm_tool,114.29906025098899,0.0,0.0,0,9,10,0,False,5.508102710984531,0.14936375101387966, 
examples/NRA/smt_files/chosen_smt_files_Arthan_1A_Arthan1A-chunk-0018.smt2,Our_tool,0.0053547089992207475,9.54703475000133,0.0,0,1,2,2,True,0.41599854200467234,0.009304583989433013,2.6013598442077637,2.599626064300537,0,10,0,0,10,0,0, ,phase2_sygus_tool,0.0,4.95056449999538,0.06515774999570567,0,0,0,1,True,True,0.0,0.0021662919971277006, ,dm_tool,0.11683400001493283,0.0,0.0,0,12,13,0,True,3.016673163998348,0.23636129299848108, 
examples/NRA/smt_files/chosen_smt_files_Arthan_1A_Arthan1A-chunk-0019.smt2,Our_tool,0.00566824999259552,9.965365000003658,0.0,0,1,2,2,True,0.7131754160000128,0.008474000002024695,2.5495846271514893,2.5931026935577393,0,10,0,0,10,0,0, ,phase2_sygus_tool,0.0,4.873905667001964,0.1264157920013531,0,0,0,1,True,True,0.0,0.0020035840061609633, ,dm_tool,0.005736582999816164,0.0,0.0,0,1,2,0,True,0.518332333995204,0.008336626000527758, 
examples/NRA/smt_files/chosen_smt_files_Arthan_1A_Arthan1A-chunk-0020.smt2,Our_tool,0.005150541997863911,9.466764749995491,0.0,0,1,2,2,True,1.436425916996086,0.006056250007532071,2.5831849575042725,2.577909469604492,0,10,0,0,10,0,0, ,phase2_sygus_tool,0.0,4.804432541001006,0.011686500001815148,0,0,0,1,True,True,0.0,0.001365083000564482, ,dm_tool,0.515334248993895,0.0,0.0,0,71,71,0,False,115.55166337006813,2.773396036027407, 
examples/NRA/smt_files/chosen_smt_files_Arthan_1A_Arthan1A-chunk-0021.smt2,Our_tool,0.004859749999013729,9.518912499996077,0.0,0,1,2,2,True,0.3318673329995363,0.0058529149973765016,2.6904430389404297,2.6717605590820312,0,10,0,0,10,0,0, ,phase2_sygus_tool,0.0,4.822652292001294,115.12565041700145,0,0,0,1,True,None,0.0,0.0, ,dm_tool,1.3551312399940798,0.0,0.0,0,307,307,0,False,69.19495818307041,48.25455441890517, 
examples/NRA/smt_files/chosen_smt_files_Arthan_1A_Arthan1A-chunk-0022.smt2,Our_tool,0.005161375003808644,9.531797125004232,0.0,0,1,2,2,True,1.0534708330014837,0.0057424179976806045,2.629274368286133,2.626070737838745,0,10,0,0,10,0,0, ,phase2_sygus_tool,0.0,4.83595695799886,115.08961275000183,0,0,0,1,True,None,0.0,0.0, ,dm_tool,0.14529271399078425,0.0,0.0,0,90,90,0,False,114.22560541799612,4.636189789023774, 
examples/NRA/smt_files/chosen_smt_files_Arthan_1C_Arthan1C-chunk-0002.smt2,Our_tool,0.00497120799991535,9.691519624000648,0.0,0,1,2,2,True,0.31507187499664724,0.006581583991646767,2.5842857360839844,2.6508915424346924,0,10,0,0,10,0,0, ,phase2_sygus_tool,0.0,4.776910959000816,0.08707458400022006,0,0,0,1,True,True,0.0,0.002114832997904159, ,dm_tool,0.09401083399279742,0.0,0.0,0,7,8,0,True,1.1570763739873655,0.08587287399132038, 
examples/NRA/smt_files/chosen_smt_files_Arthan_1C_Arthan1C-chunk-0003.smt2,Our_tool,0.005106541997520253,9.637794623995433,0.0,0,1,2,2,True,0.2772138329964946,0.006937874990398996,2.7158470153808594,2.670545816421509,10,0,0,10,0,0,0, ,phase2_sygus_tool,0.0,4.8234729999967385,0.038386666994483676,0,0,0,1,True,True,0.0,0.001530957997601945, ,dm_tool,0.0845907920083846,0.0,0.0,0,7,8,0,True,0.9284177490117145,0.08306987300602486, 
examples/NRA/smt_files/chosen_smt_files_Arthan_1C_Arthan1C-chunk-0004.smt2,Our_tool,0.005084457996417768,9.64868808400206,0.0,0,1,2,2,True,0.3107647910073865,0.006516249995911494,2.563565254211426,2.6517531871795654,0,10,0,0,10,0,0, ,phase2_sygus_tool,0.0,4.790192833999754,0.01296241700038081,0,0,0,1,True,True,0.0,0.0010701249993871897, ,dm_tool,0.005696083993825596,0.0,0.0,0,1,2,0,True,0.2081728760022088,0.007190584001364186, 
examples/NRA/smt_files/chosen_smt_files_Arthan_1C_Arthan1C-chunk-0005.smt2,Our_tool,0.004939042002661154,9.651719708002929,0.0,0,1,2,2,True,0.2654558750000433,0.0035397500032559037,2.6002116203308105,2.6357996463775635,0,10,0,0,10,0,0, ,phase2_sygus_tool,0.0,4.802443082997343,0.010368207993451506,0,0,0,1,True,True,0.0,0.0007572079994133674, ,dm_tool,1.100353704954614,0.0,0.0,0,449,449,0,False,54.963100827000744,62.767555029073264, 
examples/NRA/smt_files/chosen_smt_files_Arthan_1C_Arthan1C-chunk-0007.smt2,Our_tool,0.00477970800420735,9.669941082996957,0.0,0,1,2,2,True,0.2596130419988185,0.003566417006368283,2.588059902191162,2.620250940322876,0,10,0,0,10,0,0, ,phase2_sygus_tool,0.0,4.818276792000688,115.16342095800064,0,0,0,1,True,None,0.0,0.0, ,dm_tool,2.095814137959678,0.0,0.0,0,390,390,0,False,61.485388990964566,55.2301239880253, 
examples/NRA/smt_files/chosen_smt_files_Arthan_1C_Arthan1C-chunk-0008.smt2,Our_tool,0.004703749997133855,119.2887974999976,0.0,0,1,1,2,False,0.6713843749967054,0.004476333000638988,2.5535330772399902,2.5560903549194336,0,0,10,0,10,0,0, ,phase2_sygus_tool,0.0,120.0,0.0,0,0,0,1,False,None,0.0,0.0, ,dm_tool,114.67297612300172,0.0,0.0,0,13,14,0,False,4.949289621996286,0.31087553999532247, 
examples/NRA/smt_files/chosen_smt_files_Arthan_KM2_ArthanKM2-chunk-0002.smt2,Our_tool,0.004981959005817771,9.606625501008239,0.0,0,1,2,2,True,0.31715841600089334,0.007976834000146482,2.7055840492248535,2.616633653640747,4,6,0,4,6,0,0, ,phase2_sygus_tool,0.0,4.779629500000738,115.20264475000295,0,0,0,1,True,None,0.0,0.0, ,dm_tool,117.04998508399149,0.0,0.0,0,15,16,0,False,2.563581290014554,0.3198950429869001, 
examples/NRA/smt_files/chosen_smt_files_Arthan_KM2_ArthanKM2-chunk-0003.smt2,Our_tool,0.004729542008135468,9.462775250001869,0.0,0,1,2,2,True,0.27103958400402917,0.007368043006863445,2.7372944355010986,2.595611333847046,10,0,0,10,0,0,0, ,phase2_sygus_tool,0.0,4.818647833999421,115.1738542910025,0,0,0,1,True,None,0.0,0.0, ,dm_tool,119.65421608400356,0.0,0.0,0,2,3,0,False,0.32696329100144794,0.012187208005343564, 
examples/NRA/smt_files/chosen_smt_files_Arthan_KM2_ArthanKM2-chunk-0004.smt2,Our_tool,0.0050933749953401275,9.574420083001314,0.0,0,1,2,2,True,0.3117042079975363,0.007093793006788474,2.6978683471679688,2.602203369140625,7,3,0,7,3,0,0, ,phase2_sygus_tool,0.0,4.835072125002625,0.011498790998302866,0,0,0,1,True,True,0.0,0.0009476670020376332, ,dm_tool,0.005516667006304488,0.0,0.0,0,2,3,0,True,0.35200216600787826,0.015481874987017363, 
examples/NRA/smt_files/chosen_smt_files_Arthan_KM2_ArthanKM2-chunk-0005.smt2,Our_tool,0.004881333006778732,9.621961749995535,0.0,0,1,2,2,True,0.2614949580092798,0.004134707996854559,2.628542900085449,2.589559316635132,4,6,0,4,6,0,0, ,phase2_sygus_tool,0.0,4.805337459001748,0.009683250005764421,0,0,0,1,True,True,0.0,0.0006854169987491332, ,dm_tool,1.1232320080307545,0.0,0.0,0,446,446,0,False,55.27921703320317,62.337469613972644, 
examples/NRA/smt_files/chosen_smt_files_Arthan_KM2_ArthanKM2-chunk-0007.smt2,Our_tool,0.004866333001700696,9.666401875001611,0.0,0,1,2,2,True,0.2530928340056562,0.0036840839966316707,2.6342904567718506,2.5843677520751953,3,7,0,3,7,0,0, ,phase2_sygus_tool,0.0,4.794237792004424,115.18775545799872,0,0,0,1,True,None,0.0,0.0, ,dm_tool,2.0781136240257183,0.0,0.0,0,386,386,0,False,61.30105583504337,55.4917027829506, 
examples/NRA/smt_files/chosen_smt_files_Arthan_KM2_ArthanKM2-chunk-0008.smt2,Our_tool,0.004702042002463713,119.378043040997,0.0,0,1,1,2,False,0.582744792001904,0.004577625004458241,2.8653528690338135,2.7498857975006104,0,0,10,1,9,0,0, ,phase2_sygus_tool,0.0,120.0,0.0,0,0,0,1,False,None,0.0,0.0, ,dm_tool,116.23516137400293,0.0,0.0,0,9,10,0,False,3.5527431259979494,0.16685124800278572, 
examples/NRA/smt_files/chosen_smt_files_Arthan_M2_ArthanM2-chunk-0005.smt2,Our_tool,0.005039333998865914,9.869205082999542,0.0,0,1,2,2,True,0.29723729100078344,0.004976373995305039,2.5726215839385986,2.536653757095337,0,10,0,0,10,0,0, ,phase2_sygus_tool,0.0,4.882588415995997,115.04178166700149,0,0,0,1,True,None,0.0,0.0, ,dm_tool,0.419743990059942,0.0,0.0,0,313,313,0,False,66.52303040991683,51.813353594938235, 
examples/NRA/smt_files/chosen_smt_files_Arthan_M2_ArthanM2-chunk-0007.smt2,Our_tool,0.00483412500761915,10.023756208000123,0.0,0,1,2,2,True,0.3343992919981247,0.005138000989973079,2.707350969314575,2.622558832168579,0,10,0,0,10,0,0, ,phase2_sygus_tool,0.0,4.9927109999989625,114.989144459003,0,0,0,1,True,None,0.0,0.0, ,dm_tool,0.5340907869831426,0.0,0.0,0,278,278,0,False,76.26532041895553,42.159944938983244, 
examples/NRA/smt_files/chosen_smt_files_Arthan_M2_ArthanM2-chunk-0009.smt2,Our_tool,0.006184082994877826,10.539238749996002,0.0,0,1,2,2,True,1.1977835429934203,0.007508165996114258,2.988953113555908,2.9432404041290283,0,10,0,0,10,0,0, ,phase2_sygus_tool,0.0,4.968754417001037,114.89575945799879,0,0,0,1,True,None,0.0,0.0, ,dm_tool,0.19442724997497862,0.0,0.0,0,102,102,0,False,110.68386295507662,8.25591053894459, 
examples/NRA/smt_files/chosen_smt_files_Arthan_M2_ArthanM2-chunk-0013.smt2,Our_tool,0.005379626003559679,10.115976458997466,0.0,0,1,2,2,True,0.6534608329966431,0.005689292003808077,2.7126591205596924,2.6367900371551514,0,10,0,0,10,0,0, ,phase2_sygus_tool,0.0,4.962543375004316,0.03631541699724039,0,0,0,1,True,True,0.0,0.0016280409981845878, ,dm_tool,0.006019125001330394,0.0,0.0,0,2,3,0,True,1.1930223330055014,0.009247709007468075, 
examples/NRA/smt_files/chosen_smt_files_Arthan_M2_ArthanM2-chunk-0015.smt2,Our_tool,0.005041542004619259,119.59782604199427,0.0,0,1,1,1,False,0.3918507089983905,0.0,-1,2.8361446857452393,0,0,10,0,10,0,0, ,phase2_sygus_tool,0.0,120.0,0.0,0,0,0,1,False,None,0.0,0.0, ,dm_tool,95.3893648330195,0.0,0.0,0,25,26,0,False,22.696729251030774,1.714605662971735, 
examples/NRA/smt_files/chosen_smt_files_asin_8_asin-8-chunk-0018.smt2,Our_tool,0.005212040996411815,9.91166904099373,0.0,0,1,2,2,True,0.7840417079933104,0.005888207997486461,2.651129722595215,2.6413803100585938,0,10,0,0,10,0,0, ,phase2_sygus_tool,0.0,4.8789019160030875,0.036391375004313886,0,0,0,1,True,True,0.0,0.001654750005400274, ,dm_tool,0.0050286249970667996,0.0,0.0,0,1,2,0,True,1.2540227080025943,0.00412595799571136, 
examples/NRA/smt_files/chosen_smt_files_asin_8_asin-8-chunk-0020.smt2,Our_tool,0.005288667001877911,9.697142917008023,0.0,0,1,2,2,True,0.5452852080052253,0.007364333010627888,2.595550775527954,2.5475733280181885,0,10,0,0,10,0,0, ,phase2_sygus_tool,0.0,4.856879667000612,0.010719082994910423,0,0,0,1,True,True,0.0,0.0023467909995815717, ,dm_tool,0.005219416001637001,0.0,0.0,0,1,2,0,True,1.0042962489969796,0.0035600000046542846, 
examples/NRA/smt_files/chosen_smt_files_asin_8_asin-8-chunk-0021.smt2,Our_tool,0.0050655409941100515,9.639831332999165,0.0,0,1,2,2,True,1.8482253750044038,0.0076125009945826605,2.586944818496704,2.5482959747314453,0,10,0,0,10,0,0, ,phase2_sygus_tool,0.0,4.863412417005748,114.32235495799978,0,0,0,1,True,None,0.0,0.0, ,dm_tool,0.19812196595739806,0.0,0.0,0,92,92,0,False,110.34131553800398,8.65700337801536, 
examples/NRA/smt_files/chosen_smt_files_asin_8_asin-8-chunk-0022.smt2,Our_tool,0.0049068329972215,4.943023291998543,0.0,0,1,2,1,True,0.27786820799519774,0.0029507909930543974,2.6103549003601074,2.642807960510254,0,10,0,0,10,0,0, ,phase2_sygus_tool,0.0,5.0574447919934755,114.87548966600298,0,0,0,1,True,None,0.0,0.0, ,dm_tool,1.05661053503718,0.0,0.0,0,414,414,0,False,92.75389303301927,25.11370354794053, 
examples/NRA/smt_files/chosen_smt_files_asin_8_asin-8-chunk-0023.smt2,Our_tool,0.005601249999017455,10.4183651669955,0.0,0,1,2,2,True,1.0268080000023474,0.008011332996829879,2.7856063842773438,2.674161195755005,0,10,0,0,10,0,0, ,phase2_sygus_tool,0.0,5.097645875001035,114.07998970799963,0,0,0,1,True,None,0.0,0.0, ,dm_tool,39.857787790977454,0.0,0.0,0,82,83,0,False,72.4662714140286,7.297818587016081, 
examples/NRA/smt_files/chosen_smt_files_asin_8_asin-8-chunk-0024.smt2,Our_tool,0.019908746995497495,93.20265933399787,0.0,0,10,10,19,False,26.356970749002357,0.21542166802100837,3.443787097930908,2.7231264114379883,0,0,10,0,10,0,0, ,phase2_sygus_tool,0.0,4.996703415999946,114.15348087500024,0,0,0,1,True,None,0.0,0.0, ,dm_tool,0.1633512130138115,0.0,0.0,0,52,52,0,False,114.89902583003277,3.7423132099720533, 
examples/NRA/smt_files/chosen_smt_files_asin_8_asin-8-chunk-0025.smt2,Our_tool,0.004978457996912766,5.20395812499919,0.0,0,1,2,1,True,0.2886292500043055,0.0028514989971881732,2.9068777561187744,2.959294557571411,0,10,0,0,10,0,0, ,phase2_sygus_tool,0.0,5.253919499999029,114.67848916700314,0,0,0,1,True,None,0.0,0.0, ,dm_tool,1.0098554560827324,0.0,0.0,0,403,403,0,False,93.42569899600494,24.362448548927205, 
examples/NRA/smt_files/chosen_smt_files_asin_8_asin-8-chunk-0026.smt2,Our_tool,0.005813167001178954,10.122909833000449,0.0,0,1,2,2,True,2.121357458003331,0.009596250994945876,2.7957260608673096,2.6587703227996826,0,10,0,0,10,0,0, ,phase2_sygus_tool,0.0,5.007656165995286,114.14633487500396,0,0,0,1,True,None,0.0,0.0, ,dm_tool,0.17826549999881536,0.0,0.0,0,79,79,0,False,110.0703617099789,8.545993712941709, 
examples/NRA/smt_files/chosen_smt_files_asin_8_asin-8-chunk-0028.smt2,Our_tool,0.02093912599957548,88.47342504199332,0.0,0,10,10,18,False,30.232060832982825,0.20912749899434857,3.280928373336792,2.5690791606903076,0,0,10,0,10,0,0, ,phase2_sygus_tool,0.0,4.927020333001565,114.22604975000286,0,0,0,1,True,None,0.0,0.0, ,dm_tool,0.15893891901214374,0.0,0.0,0,48,48,0,False,116.07444025401492,2.9771627549562254, 
examples/NRA/smt_files/chosen_smt_files_asin_8_asin-8-chunk-0033.smt2,Our_tool,0.02070746100071119,88.40173254100227,0.0,0,10,10,19,False,31.159784872987075,0.20852979001938365,3.2251243591308594,2.563063144683838,0,0,10,0,10,0,0, ,phase2_sygus_tool,0.0,4.91828600000008,114.25378908299899,0,0,0,1,True,None,0.0,0.0, ,dm_tool,0.1601115410157945,0.0,0.0,0,48,48,0,False,116.00692491600785,3.025472746048763, 
examples/NRA/smt_files/chosen_smt_files_asin_8_asin-8-chunk-0039.smt2,Our_tool,0.005155833998287562,117.26779779099888,0.0,0,1,1,1,False,2.7211467500019353,0.0,-1,2.6144654750823975,0,0,10,0,10,0,0, ,phase2_sygus_tool,0.0,120.0,0.0,0,0,0,1,False,None,0.0,0.0, ,dm_tool,0.1939962530086632,0.0,0.0,0,39,39,0,False,115.74625466200814,3.3223564149884623, 
examples/NRA/smt_files/chosen_smt_files_asin_8_asin-8-chunk-0040.smt2,Our_tool,0.004986042004020419,117.22834945799696,0.0,0,1,1,1,False,2.760608415999741,0.0,-1,2.60007643699646,0,0,10,0,10,0,0, ,phase2_sygus_tool,0.0,120.0,0.0,0,0,0,1,False,None,0.0,0.0, ,dm_tool,0.2498348330045701,0.0,0.0,0,33,33,0,False,116.42902307999611,2.418858541008376, 
examples/NRA/smt_files/chosen_smt_files_asin_8_asin-8-chunk-0041.smt2,Our_tool,0.004938374993798789,10.64902733299823,0.0,0,1,2,2,True,0.6413217080043978,0.0067742499959422275,2.5863590240478516,2.4932899475097656,0,10,0,0,10,0,0, ,phase2_sygus_tool,0.0,4.870478249998996,6.889858709000691,0,0,0,1,True,True,0.0,0.0031504579965258017, ,dm_tool,0.006650083996646572,0.0,0.0,0,2,3,0,True,0.8523350429968559,0.014235415997973178, 
examples/NRA/smt_files/chosen_smt_files_asin_8_asin-8-chunk-0043.smt2,Our_tool,0.018709458003286272,19.286245666997274,0.0,0,2,3,4,True,1.1896285820112098,0.016989834010018967,2.647352695465088,2.5061774253845215,0,10,0,0,10,0,0, ,phase2_sygus_tool,0.0,4.886738375003915,114.97911575000035,0,0,0,1,True,None,0.0,0.0, ,dm_tool,5.253831837013422,0.0,0.0,0,77,78,0,True,32.11801850100164,8.412617995949404, 
examples/NRA/smt_files/chosen_smt_files_asin_8_asin-8-chunk-0045.smt2,Our_tool,0.0242806259993813,88.08027370797208,0.0,0,10,10,19,False,31.49621891701827,0.20400053900084458,3.3535475730895996,2.5023581981658936,0,0,10,0,10,0,0, ,phase2_sygus_tool,0.0,4.80156341700058,114.38555004099908,0,0,0,1,True,None,0.0,0.0, ,dm_tool,0.19408196098083863,0.0,0.0,0,43,43,0,False,115.37068725095742,2.736559459975979, 
examples/NRA/smt_files/chosen_smt_files_asin_8_asin-8-chunk-0047.smt2,Our_tool,0.004609166004229337,9.337523499998497,0.0,0,1,2,2,True,0.254408749002323,0.003984249000495765,2.453596591949463,2.4412806034088135,0,10,0,0,10,0,0, ,phase2_sygus_tool,0.0,4.633174457994755,0.014668916999653447,0,0,0,1,True,True,0.0,0.001018374998238869, ,dm_tool,0.004841375004616566,0.0,0.0,0,1,2,0,True,0.20853570899635088,0.00277970900060609, 
examples/NRA/smt_files/chosen_smt_files_asin_8_asin-8-chunk-0050.smt2,Our_tool,0.018825624014425557,88.02792237800895,0.0,0,10,10,19,False,29.90692312298779,0.22318058299424592,3.211808204650879,2.5144033432006836,0,0,10,0,10,0,0, ,phase2_sygus_tool,0.0,4.715528332999384,114.46749233399896,0,0,0,1,True,None,0.0,0.0, ,dm_tool,0.13209916599589633,0.0,0.0,0,45,45,0,False,115.7171159189893,2.7645247080508852, 
examples/NRA/smt_files/chosen_smt_files_asin_8_asin-8-chunk-0053.smt2,Our_tool,0.004948583999066614,9.57553175000794,0.0,0,1,2,2,True,0.3930890829942655,0.006759042000339832,2.6201539039611816,2.628117084503174,0,10,0,0,10,0,0, ,phase2_sygus_tool,0.0,4.787141625005461,34.99515100000281,0,0,0,1,True,True,0.0,0.0030210830009309575, ,dm_tool,0.5488890469932812,0.0,0.0,0,61,62,0,True,16.18846783204208,4.233492290004506, 
examples/NRA/smt_files/chosen_smt_files_asin_8_vars4_asin-8-vars4-chunk-0010.smt2,Our_tool,0.004864041991822887,9.746474042003683,0.0,0,1,2,2,True,0.6106054579940974,0.004886250004346948,2.6184420585632324,2.6148295402526855,0,10,0,0,10,0,0, ,phase2_sygus_tool,0.0,4.829394417000003,0.010420790997159202,0,0,0,1,True,True,0.0,0.0014947919989936054, ,dm_tool,0.004868792995694093,0.0,0.0,0,1,2,0,True,0.488518626007135,0.003387834003660828, 
examples/NRA/smt_files/chosen_smt_files_asin_8_vars4_asin-8-vars4-chunk-0011.smt2,Our_tool,0.005401166003139224,9.745760874990083,0.0,0,1,2,2,True,0.5081553329946473,0.006191624990606215,2.7111189365386963,2.6296708583831787,10,0,0,10,0,0,0, ,phase2_sygus_tool,0.0,4.978331124999386,0.010280375005095266,0,0,0,1,True,True,0.0,0.0021460420030052774, ,dm_tool,0.005000499993911944,0.0,0.0,0,1,2,0,True,0.4259657920047175,0.0030559580118278973, 
examples/NRA/smt_files/chosen_smt_files_asin_8_vars4_asin-8-vars4-chunk-0012.smt2,Our_tool,0.005149041004187893,9.577600333999726,0.0,0,1,2,2,True,1.1349940420041094,0.006138916993222665,2.56130313873291,2.5459089279174805,0,10,0,0,10,0,0, ,phase2_sygus_tool,0.0,4.8088913329993375,115.02838424999936,0,0,0,1,True,None,0.0,0.0, ,dm_tool,0.2236397070082603,0.0,0.0,0,86,86,0,False,111.21274337708019,7.031338503998995, 
examples/NRA/smt_files/chosen_smt_files_asin_8_vars4_asin-8-vars4-chunk-0013.smt2,Our_tool,0.005016833994886838,9.636407625002903,0.0,0,1,2,2,True,0.45682454100460745,0.004330249008489773,2.6517951488494873,2.589232921600342,10,0,0,10,0,0,0, ,phase2_sygus_tool,0.0,4.761435166998126,115.20639670799574,0,0,0,1,True,None,0.0,0.0, ,dm_tool,0.421068907060544,0.0,0.0,0,244,244,0,False,85.61289624507481,32.977534050085524, 
examples/NRA/smt_files/chosen_smt_files_asin_8_vars4_asin-8-vars4-chunk-0014.smt2,Our_tool,0.005879417003598064,9.616250958002638,0.0,0,1,2,2,True,0.7939547909991234,0.007119833004253451,2.5767829418182373,2.5339102745056152,0,10,0,0,10,0,0, ,phase2_sygus_tool,0.0,4.725395708999713,115.10131049999472,0,0,0,1,True,None,0.0,0.0, ,dm_tool,0.872771420974459,0.0,0.0,0,101,101,0,False,108.1268100399684,9.677032047038665, 
examples/NRA/smt_files/chosen_smt_files_asin_8_vars4_asin-8-vars4-chunk-0015.smt2,Our_tool,0.020921374001773074,101.13295095799549,0.0,0,11,11,21,False,18.44422083099198,0.1998666670115199,3.309584856033325,2.717968225479126,0,0,10,0,10,0,0, ,phase2_sygus_tool,0.0,4.815887916003703,115.0206871249975,0,0,0,1,True,None,0.0,0.0, ,dm_tool,0.13976966702466598,0.0,0.0,0,79,79,0,False,110.96707170997252,7.811498537048465, 
examples/NRA/smt_files/chosen_smt_files_asin_8_vars4_asin-8-vars4-chunk-0016.smt2,Our_tool,0.004991458998119924,9.64199625000765,0.0,0,1,2,2,True,0.463435917001334,0.004299583000829443,2.608157157897949,2.5324699878692627,10,0,0,10,0,0,0, ,phase2_sygus_tool,0.0,4.776246249995893,115.19144950000191,0,0,0,1,True,None,0.0,0.0, ,dm_tool,0.00485925000248244,0.0,0.0,0,1,2,0,True,0.3491101660038112,0.003871958004310727, 
examples/NRA/smt_files/chosen_smt_files_asin_8_vars4_asin-8-vars4-chunk-0017.smt2,Our_tool,0.005495958997926209,9.671190957997169,0.0,0,1,2,2,True,1.3416647509948234,0.007979292000527494,2.556950330734253,2.5320332050323486,0,10,0,0,10,0,0, ,phase2_sygus_tool,0.0,4.858384499995736,114.98061937500461,0,0,0,1,True,None,0.0,0.0, ,dm_tool,0.19562495594436768,0.0,0.0,0,114,114,0,False,102.34527921101107,16.395031743923028, 
examples/NRA/smt_files/chosen_smt_files_asin_8_vars4_asin-8-vars4-chunk-0019.smt2,Our_tool,0.02207787599763833,96.48129670899652,0.0,0,11,11,20,False,22.58305758498318,0.20236600099451607,3.2731783390045166,2.585069179534912,0,0,10,0,10,0,0, ,phase2_sygus_tool,0.0,4.881719417004206,114.95858491699619,0,0,0,1,True,None,0.0,0.0, ,dm_tool,0.12564700298389653,0.0,0.0,0,70,70,0,False,113.27751392098435,5.986660084978212, 
examples/NRA/smt_files/chosen_smt_files_asin_8_vars4_asin-8-vars4-chunk-0020.smt2,Our_tool,0.004804542004421819,9.669779333999031,0.0,0,1,2,2,True,0.3385382910055341,0.004966666994732805,2.6001169681549072,2.553323984146118,10,0,0,10,0,0,0, ,phase2_sygus_tool,0.0,4.832328749995213,0.0125928749985178,0,0,0,1,True,True,0.0,0.0011053329944843426, ,dm_tool,0.0051646240026457235,0.0,0.0,0,1,2,0,True,0.25363270799425663,0.0043086659934488125, 
examples/NRA/smt_files/chosen_smt_files_asin_8_vars4_asin-8-vars4-chunk-0024.smt2,Our_tool,0.022136917992611416,96.28222591600206,0.0,0,11,11,20,False,22.10732203999214,0.20175816698611015,3.2507717609405518,2.6548259258270264,0,0,10,0,10,0,0, ,phase2_sygus_tool,0.0,4.937000249999983,114.89909412499401,0,0,0,1,True,None,0.0,0.0, ,dm_tool,0.12928070897760335,0.0,0.0,0,70,70,0,False,113.05871130198648,6.014798589007114, 
examples/NRA/smt_files/chosen_smt_files_asin_8_vars4_asin-8-vars4-chunk-0029.smt2,Our_tool,0.10321049899357604,99.92171083700669,0.0,0,8,8,15,False,18.850911793022533,0.15120245800062548,3.3152334690093994,2.5158820152282715,0,0,10,0,10,0,0, ,phase2_sygus_tool,0.0,120.0,0.0,0,0,0,1,False,None,0.0,0.0, ,dm_tool,0.26837983201403404,0.0,0.0,0,56,56,0,False,113.57404745901295,5.218228867961443, 
examples/NRA/smt_files/chosen_smt_files_asin_8_vars4_asin-8-vars4-chunk-0030.smt2,Our_tool,0.02839508398756152,97.0601864150085,0.0,0,10,10,18,False,22.202045499012456,0.17550433200085536,3.353428363800049,2.7087926864624023,0,0,10,0,10,0,0, ,phase2_sygus_tool,0.0,120.0,0.0,0,0,0,1,False,None,0.0,0.0, ,dm_tool,0.21052233403315768,0.0,0.0,0,58,58,0,False,112.954073916997,5.314069582942466, 
examples/NRA/smt_files/chosen_smt_files_asin_8_vars4_asin-8-vars4-chunk-0032.smt2,Our_tool,0.00479583400010597,9.75145020900527,0.0,0,1,2,2,True,0.3248899579994031,0.004642874999262858,2.556007146835327,2.54428768157959,10,0,0,10,0,0,0, ,phase2_sygus_tool,0.0,4.888667874998646,0.037770875002024695,0,0,0,1,True,True,0.0,0.0007818750018486753, ,dm_tool,0.005040167001425289,0.0,0.0,0,1,2,0,True,0.24523841699556215,0.00446866599668283, 
examples/NRA/smt_files/chosen_smt_files_asin_8_vars4_asin-8-vars4-chunk-0034.smt2,Our_tool,0.005126041003677528,9.767653791997873,0.0,0,1,2,2,True,0.24389599901041947,0.0033337490021949634,2.5220680236816406,2.5639488697052,10,0,0,10,0,0,0, ,phase2_sygus_tool,0.0,4.878000708005857,0.012072958001226652,0,0,0,1,True,True,0.0,0.0009185830058413558, ,dm_tool,0.004920750012388453,0.0,0.0,0,1,2,0,True,0.17470887499803212,0.002582417000667192, 
examples/NRA/smt_files/chosen_smt_files_asin_8_vars4_asin-8-vars4-chunk-0035.smt2,Our_tool,0.031708541995612904,97.56322104101127,0.0,0,10,10,20,False,22.02090133499587,0.18489699998463038,3.102243185043335,2.5832877159118652,0,0,10,0,10,0,0, ,phase2_sygus_tool,0.0,4.919089499999245,114.9185526250003,0,0,0,1,True,None,0.0,0.0, ,dm_tool,0.3326894970086869,0.0,0.0,0,70,70,0,False,111.3580693279655,6.81681366799603, 
examples/NRA/smt_files/chosen_smt_files_asin_8_vars4_asin-8-vars4-chunk-0039.smt2,Our_tool,0.004892915996606462,9.898810499995307,0.0,0,1,2,2,True,0.215924415999325,0.0031127919937716797,2.468384265899658,2.5168769359588623,10,0,0,10,0,0,0, ,phase2_sygus_tool,0.0,4.9729805840033805,0.038205750002816785,0,0,0,1,True,True,0.0,0.0007787499998812564, ,dm_tool,0.004975666000973433,0.0,0.0,0,1,2,0,True,0.1826137089956319,0.003012208988366183, 
examples/NRA/smt_files/chosen_smt_files_asin_8_vars4_asin-8-vars4-chunk-0040.smt2,Our_tool,0.026667290010664146,97.34921933399892,0.0,0,11,11,21,False,22.21194383202237,0.20506558301713085,3.2829854488372803,2.543834924697876,0,0,10,0,10,0,0, ,phase2_sygus_tool,0.0,4.929911458995775,114.91011187500408,0,0,0,1,True,None,0.0,0.0, ,dm_tool,0.22872933699545683,0.0,0.0,0,66,66,0,False,113.23549870702846,5.601819045987213, 
examples/NRA/smt_files/chosen_smt_files_asin_8_vars4_asin-8-vars4-chunk-0044.smt2,Our_tool,0.005190541000047233,10.000489749996632,0.0,0,1,2,2,True,0.757046167003864,0.008412417002546135,2.678209066390991,2.5952484607696533,10,0,0,10,0,0,0, ,phase2_sygus_tool,0.0,4.953772624998237,115.01269654100179,0,0,0,1,True,None,0.0,0.0, ,dm_tool,3.739363167034753,0.0,0.0,0,146,147,0,False,74.06467520700244,38.89430754305067, 
examples/NRA/smt_files/chosen_smt_files_asin_8_vars4_asin-8-vars4-chunk-0045.smt2,Our_tool,0.004801333001523744,117.56753916700109,0.0,0,1,1,1,False,2.420860874997743,0.0,-1,2.6390037536621094,0,0,10,0,10,0,0, ,phase2_sygus_tool,0.0,120.0,0.0,0,0,0,1,False,None,0.0,0.0, ,dm_tool,0.37349270899721887,0.0,0.0,0,44,44,0,False,113.51444204099971,5.3319315790286055, 
examples/NRA/smt_files/chosen_smt_files_asin_8_vars4_asin-8-vars4-chunk-0048.smt2,Our_tool,0.03834375100268517,100.77944241699151,0.0,0,8,8,16,False,18.792854791994614,0.1691545459907502,3.431300163269043,2.520232915878296,0,0,10,0,10,0,0, ,phase2_sygus_tool,0.0,120.0,0.0,0,0,0,1,False,None,0.0,0.0, ,dm_tool,0.19447266603674507,0.0,0.0,0,53,53,0,False,114.5269436219678,4.716722791970824, 
examples/NRA/smt_files/chosen_smt_files_asin_8_vars4_asin-8-vars4-chunk-0049.smt2,Our_tool,0.005092042003525421,9.480250000000524,0.0,0,1,2,2,True,0.42044112499570474,0.007016833005764056,2.589730978012085,2.530419111251831,10,0,0,10,0,0,0, ,phase2_sygus_tool,0.0,4.750175207998836,115.21670016700227,0,0,0,1,True,None,0.0,0.0, ,dm_tool,0.00802787599968724,0.0,0.0,0,2,3,0,True,0.5702122069997131,0.016327250996255316, 
examples/NRA/smt_files/chosen_smt_files_asin_8_vars4_asin-8-vars4-chunk-0050.smt2,Our_tool,0.0048282499992637895,118.14143458300532,0.0,0,1,1,1,False,1.8475802499960992,0.0,-1,2.543973207473755,0,0,10,0,10,0,0, ,phase2_sygus_tool,0.0,120.0,0.0,0,0,0,1,False,None,0.0,0.0, ,dm_tool,111.33585054201103,0.0,0.0,0,4,5,0,False,8.580394917014928,0.058940708986483514, 
examples/NRA/smt_files/chosen_smt_files_asin_8_vars4_asin-8-vars4-chunk-0051.smt2,Our_tool,0.004770917003042996,118.01209995800309,0.0,0,1,1,1,False,1.9765515420003794,0.0,-1,2.546278953552246,0,0,10,0,10,0,0, ,phase2_sygus_tool,0.0,120.0,0.0,0,0,0,1,False,None,0.0,0.0, ,dm_tool,7.007753251004033,0.0,0.0,3,45,50,0,False,107.24390096497518,5.161727792015881, 
examples/NRA/smt_files/chosen_smt_files_asin_8_vars4_asin-8-vars4-chunk-0053.smt2,Our_tool,0.004772541993588675,117.7149934170011,0.0,0,1,1,1,False,2.2741797080016113,0.0,-1,2.47245717048645,0,0,10,0,10,0,0, ,phase2_sygus_tool,0.0,120.0,0.0,0,0,0,1,False,None,0.0,0.0, ,dm_tool,0.27542020800319733,0.0,0.0,0,46,46,0,False,113.15677212401351,5.112448834021052, 
examples/NRA/smt_files/chosen_smt_files_asin_8_vars4_asin-8-vars4-chunk-0054.smt2,Our_tool,0.004722041994682513,117.41267837500345,0.0,0,1,1,1,False,2.5751702499983367,0.0,-1,2.539175510406494,0,0,10,0,10,0,0, ,phase2_sygus_tool,0.0,120.0,0.0,0,0,0,1,False,None,0.0,0.0, ,dm_tool,4.133663953987707,0.0,0.0,0,40,40,0,False,110.19533766699897,4.61611950002407, 
examples/NRA/smt_files/chosen_smt_files_asin_8_vars4_asin-8-vars4-chunk-0056.smt2,Our_tool,0.005295208000461571,9.935593291993428,0.0,0,1,2,2,True,2.1868786249979166,0.013717999994696584,2.7457783222198486,2.5616366863250732,10,0,0,10,0,0,0, ,phase2_sygus_tool,0.0,4.9040102919971105,115.06151404100092,0,0,0,1,True,None,0.0,0.0, ,dm_tool,0.7273191220301669,0.0,0.0,0,71,71,0,False,100.70632695503446,16.733991287954268, 
examples/NRA/smt_files/chosen_smt_files_zankl_gen-03.smt2,Our_tool,0.004677124998124782,4.85321108399512,0.0,0,1,2,1,True,0.13873354200040922,0.0017008340000757016,2.5650737285614014,2.5546631813049316,10,0,0,10,0,0,0, ,phase2_sygus_tool,0.0,4.895288374995289,115.09548762500344,0,0,0,1,True,None,0.0,0.0, ,dm_tool,1.6393503201834392,0.0,0.0,0,2737,2737,0,False,6.8037835998839,109.65983620466432, 
examples/NRA/smt_files/chosen_smt_files_zankl_gen-04.smt2,Our_tool,0.005044666999310721,4.915260959001898,0.0,0,1,2,1,True,0.14976270800252678,0.0017432079985155724,2.572010040283203,2.556238889694214,10,0,0,10,0,0,0, ,phase2_sygus_tool,0.0,4.896710417000577,115.09299870800169,0,0,0,1,True,None,0.0,0.0, ,dm_tool,1.4223850792623125,0.0,0.0,0,2758,2758,0,False,6.862552116945153,109.89716255797248, 
examples/NRA/smt_files/chosen_smt_files_zankl_gen-05.smt2,Our_tool,0.005131291996804066,4.930221541006176,0.0,0,1,2,1,True,0.28984704100003,0.002660667996678967,2.519230604171753,2.5390424728393555,0,10,0,0,10,0,0, ,phase2_sygus_tool,0.0,4.881418874996598,115.04106120900542,0,0,0,1,True,None,0.0,0.0, ,dm_tool,0.6966192179825157,0.0,0.0,0,599,599,0,False,78.17946170703362,40.03330544797063, 
examples/NRA/smt_files/chosen_smt_files_zankl_gen-06.smt2,Our_tool,0.0059624579953379,4.897151959004987,0.0,0,1,2,1,True,0.39680275000137044,0.0030582070030504838,2.505248785018921,2.5290257930755615,0,10,0,0,10,0,0, ,phase2_sygus_tool,0.0,4.926485916999809,114.91405416699854,0,0,0,1,True,None,0.0,0.0, ,dm_tool,0.5959253839828307,0.0,0.0,0,492,492,0,False,89.18860930714436,29.16016640602902, 
examples/NRA/smt_files/chosen_smt_files_zankl_gen-07.smt2,Our_tool,0.004949459005729295,4.971259584002837,0.0,0,1,2,1,True,0.24627854199934518,0.0024795840072329156,2.5222408771514893,2.532606840133667,0,10,0,0,10,0,0, ,phase2_sygus_tool,0.0,4.89789162499801,115.02479675000359,0,0,0,1,True,None,0.0,0.0, ,dm_tool,0.7322680790384766,0.0,0.0,0,598,598,0,False,78.01053098189004,40.173607535085466, 
examples/NRA/smt_files/chosen_smt_files_zankl_gen-08.smt2,Our_tool,0.004779749993758742,4.862485625002591,0.0,0,1,2,1,True,0.3493976250028936,0.0026905419945251197,2.5015759468078613,2.532703399658203,0,10,0,0,10,0,0, ,phase2_sygus_tool,0.0,4.892166457997519,115.03082054200058,0,0,0,1,True,None,0.0,0.0, ,dm_tool,0.6665308619849384,0.0,0.0,0,491,491,0,False,89.23496774208616,29.003792918054387, 
examples/NRA/smt_files/chosen_smt_files_zankl_gen-09.smt2,Our_tool,0.005326041005901061,4.923442084000271,0.0,0,1,2,1,True,0.3017216670050402,0.0034302909989492036,2.5230865478515625,2.539970636367798,0,10,0,0,10,0,0, ,phase2_sygus_tool,0.0,4.890811125005712,0.012246209000295494,0,0,0,1,True,True,0.0,0.0016096670005936176, ,dm_tool,0.12960424908669665,0.0,0.0,0,494,494,0,False,89.16710337696713,29.59308379398135, 
examples/NRA/smt_files/chosen_smt_files_zankl_gen-10.smt2,Our_tool,0.00471350100269774,4.86760299999878,0.0,0,1,2,1,True,0.1398498339985963,0.0020109169927309267,2.5946004390716553,2.5469932556152344,10,0,0,10,0,0,0, ,phase2_sygus_tool,0.0,4.885172415997658,115.10541587499756,0,0,0,1,True,None,0.0,0.0, ,dm_tool,1.653357083836454,0.0,0.0,0,2737,2737,0,False,6.843013635756506,109.6555367718247, 
examples/NRA/smt_files/chosen_smt_files_zankl_gen-13.smt2,Our_tool,0.00556920900271507,4.885962375003146,0.0,0,1,2,1,True,0.147610291998717,0.001909582999360282,2.472787380218506,2.5543391704559326,0,10,0,0,10,0,0, ,phase2_sygus_tool,0.0,4.905837625003187,0.01162175000354182,0,0,0,1,True,True,0.0,0.0006202500007930212, ,dm_tool,0.005146250005054753,0.0,0.0,0,2,3,0,True,0.06267649999062996,0.0017309999966528267, 
examples/NRA/smt_files/chosen_smt_files_zankl_gen-14.smt2,Our_tool,0.0052389579941518605,4.860294833000808,0.0,0,1,2,1,True,0.14269466700352496,0.0018397919993731193,2.4690709114074707,2.5369889736175537,0,10,0,0,10,0,0, ,phase2_sygus_tool,0.0,4.89481437500217,0.011199833999853581,0,0,0,1,True,True,0.0,0.0006146250016172417, ,dm_tool,0.004877541010500863,0.0,0.0,0,2,3,0,True,0.0605427909977152,0.0018734170007519424, 
examples/NRA/smt_files/chosen_smt_files_zankl_gen-15.smt2,Our_tool,0.010605541996483225,4.921704792002856,0.0,0,1,2,1,True,0.4763059169999906,0.004681416998209897,2.5380711555480957,2.5518453121185303,0,10,0,0,10,0,0, ,phase2_sygus_tool,0.0,4.91932850000012,114.84420820899686,0,0,0,1,True,None,0.0,0.0, ,dm_tool,1.5015116249778657,0.0,0.0,0,265,265,0,False,103.07516700497217,14.57956816197111, 
examples/NRA/smt_files/chosen_smt_files_zankl_gen-16.smt2,Our_tool,0.007520751001720782,4.831329334003385,0.0,0,1,2,1,True,0.4280870410002535,0.0032432920052087866,2.523743152618408,2.549086570739746,0,10,0,0,10,0,0, ,phase2_sygus_tool,0.0,4.877206999997725,114.9601485000021,0,0,0,1,True,None,0.0,0.0, ,dm_tool,0.7134952970300219,0.0,0.0,0,493,493,0,False,89.1718546780321,29.160629711033835, 
examples/NRA/smt_files/chosen_smt_files_zankl_gen-17.smt2,Our_tool,0.008177042007446289,4.949620584004151,0.0,0,1,2,1,True,0.47970004200033145,0.004131041998334695,2.5315587520599365,2.5473170280456543,0,10,0,0,10,0,0, ,phase2_sygus_tool,0.0,4.872861541996826,114.96884883300663,0,0,0,1,True,None,0.0,0.0, ,dm_tool,7.045683920980082,0.0,0.0,0,256,257,0,False,98.71800662409805,13.740083072072593, 
examples/NRA/smt_files/chosen_smt_files_zankl_gen-18.smt2,Our_tool,0.004955500000505708,4.866191458000685,0.0,0,1,2,1,True,0.3895299169962527,0.002542041002016049,2.5145387649536133,2.554136037826538,0,10,0,0,10,0,0, ,phase2_sygus_tool,0.0,4.874152500000491,115.0462462919968,0,0,0,1,True,None,0.0,0.0, ,dm_tool,0.6139617859153077,0.0,0.0,0,491,491,0,False,89.4654328790566,28.886432795065048, 
examples/NRA/smt_files/chosen_smt_files_zankl_gen-19.smt2,Our_tool,0.0050455840028007515,4.934563875001913,0.0,0,1,2,1,True,0.31300487499538576,0.0030197500018402934,2.5253946781158447,2.53083872795105,0,10,0,0,10,0,0, ,phase2_sygus_tool,0.0,4.914773292002792,0.010814916997333057,0,0,0,1,True,True,0.0,0.0017351669957861304, ,dm_tool,0.12189945596037433,0.0,0.0,0,493,493,0,False,89.19338808903558,29.645756242949574, 
